$ANSIBLE_VAULT;1.1;AES256
63353434303162646166323366633164323062343335623131333532663438663166633138633863
3432333339386439313761613138633437613462623837300a326664396539313734303931363236
61303531323662353734666365313737346332326537336535313265616330386565393534626462
6665336539316530390a633039363965313831303261323833333833333538303637343430333532
32313234316466376331333365623966313531366431633561316332653939653061396262343138
65323437323933663365346661333937616461333636373335343163373136353863373963333631
36363362666332393363616166633132313939646131306135366434396365333838363632623537
63396338613465663736366463626339313061343362353965653732313335643864633365633037
61363034306533343536623933316666383430653166653034306166623733383861343466303737
30656664646233393261303631386533653330633735663437323538366335656266313537386636
31643338313739363664393562646232336131666134663235326638643837633566393038636332
37656531356663356536623431623238373362653435653864356462353361616566363238333033
30626366323565373836313631313838386438356464303430323663316362636463383737303561
35643762316531336337653930633230386536386365333439653638653238303936316537323762
62626430323065663138353465376361373963636238343031663861353538633366316163616536
31633933636662386539316439666266326232616331353965383763656231613033333939633731
30656132616239343762383833306334353730376661356532313761616433326262306261353665
62306465623865333065623061643739303035333035336262313462363665393935613234663764
65363537383562306138336339383661626239303231376236383731373863326165633665393739
62393332623133363130386630393835633631373930373761363534303931323937376432393164
32333738623163396633373164386363336430616366383231376237353362336266366535633863
33373631383965656230386263353065616166353662643263383935373165643837383933336530
30353430663737343837353835613632363530323931326534336233613032663864376533303562
39356136356438666232616336626230386433353736333334313666646532313532313534383534
3662
